0.675975 3.32408e-05 0.736924
0.0350914 -0.995956 0.0826997
-0.809615 -0.169081 0.562082
0.893326 0.272027 -0.357729
-0.212367 -0.446171 -0.869386
-0.743293 0.667838 -0.0388327
0.177965 -0.319117 0.930856
0.942444 0.329046 -0.0594004
-0.083103 -0.153784 0.984604
-0.371372 0.334037 0.866316
-0.805712 0.459664 -0.373545
-0.431355 -0.269871 -0.860873
0.567308 -0.821743 -0.0538576
0.796971 0.519685 -0.307838
-0.790896 0.461056 -0.402381
0.719842 -0.454793 -0.524396
-0.0332403 0.423959 0.905071
-0.0820233 -0.935552 0.343532
-0.577225 -0.635473 -0.512821
0.961523 -0.0542043 0.269323
0.00487205 0.261834 -0.965101
-0.147367 -0.849427 -0.506712
-0.30118 -0.422967 0.854628
-0.432449 -0.470095 -0.769414
-0.141052 0.981799 0.127177
0.103352 -0.993647 0.0445365
0.0685238 0.890302 0.450186
-0.47227 0.576274 0.666986
-0.604026 0.0512921 -0.795313
0.401517 -0.257622 0.878871
0.82582 -0.563862 -0.00904579
-0.927324 -0.0952589 0.361934
0.996408 -0.0838255 0.0120466
-0.0581725 0.571505 0.818534
0.494822 -0.168498 0.852502
-0.972774 -0.00432187 0.231716
-0.0950449 0.553161 -0.827635
-0.980096 -0.185352 0.0711084
0.406584 -0.158089 0.899832
0.0608192 -0.839201 -0.540409
0.31106 -0.584669 0.749269
0.92165 0.0921939 -0.376911
0.653378 -0.711316 -0.259087
-0.0771627 -0.889271 -0.450824
0.629319 -0.00214362 -0.777144
0.0971655 0.916795 0.387356
-0.592725 0.804967 -0.0265474
-0.606827 -0.391086 -0.691963
-0.62176 0.383271 -0.683021
-0.11933 0.978329 0.169211
-0.970652 -0.231769 0.0641653
-0.177375 0.744746 0.643345
0.562847 0.814043 -0.14331
0.115618 -0.338345 0.933892
-0.97666 -0.214767 0.00303976
0.83407 -0.240271 -0.496585
-0.587601 -0.209815 -0.781475
-0.516257 -0.515281 -0.684079
0.439587 0.690447 0.574497
-0.148127 -0.657056 0.739145
0.750667 0.482966 0.450824
0.985024 0.018567 0.171413
0.89478 0.152553 -0.419639
0.78986 -0.324863 0.520178
0.391668 0.844647 0.364921
0.722405 -0.621002 -0.304117
0.546174 0.755082 -0.362692
-0.734244 0.640674 0.224549
-0.709272 0.00115409 0.704934
-0.616954 -0.376401 -0.691151
-0.348395 -0.221432 -0.910818
-0.666746 -0.245481 0.703697
0.977808 -0.102947 0.182467
0.623255 0.771172 -0.129797
-0.0133567 0.999647 0.0229709
-0.376902 0.0866614 -0.92219
0.561754 0.569078 0.600486
-0.407178 0.875993 -0.258538
0.666687 0.681188 -0.302507
-0.574167 -0.550381 -0.606146
0.0135451 0.998797 0.0471364
-0.617919 0.515688 0.593499
0.586072 0.10561 -0.803347
-0.625005 0.311084 0.715958
0.930714 -0.318741 0.179374
0.432221 0.467212 -0.771297
0.617041 0.403511 0.675603
0.868634 0.415861 0.269322
-0.0131327 0.683555 0.729781
0.205976 -0.974466 0.0893854
-0.582694 0.807073 0.0953997
0.182643 -0.470394 -0.863349
-0.47625 -0.669964 0.569503
-0.246343 -0.520045 -0.817844
-0.000546224 0.692185 -0.72172
-0.983673 0.179572 -0.0119117
-0.623769 -0.455556 -0.635123
0.0366029 -0.996473 0.07551
0.919456 -0.290039 -0.265477
-0.705866 0.282913 -0.649395
-0.342116 -0.848178 -0.404413
0.415807 -0.0336568 -0.90883
0.538893 -0.729414 0.421368
-0.972073 -0.232895 -0.0288693
0.784291 0.596091 0.171943
-0.582911 -0.304972 -0.753131
-0.825888 0.32676 -0.459495
0.61456 -0.660537 -0.431285
0.285339 -0.864844 -0.413071
-0.0142398 -0.273329 0.961815
0.753437 -0.655618 -0.0499748
-0.480683 0.112777 0.869612
-0.227751 -0.973468 0.0221137
-0.46054 -0.809528 -0.364098
0.172316 0.52533 -0.833268
0.416401 -0.467067 -0.780037
-0.666073 -0.188748 0.72161
-0.195272 0.0629769 -0.978725
0.213624 0.970933 0.107953
-0.401195 0.915524 -0.0293189
0.730042 -0.672686 0.120549
-0.773471 0.160017 -0.6133
-0.540748 0.612132 0.576962
0.721127 -0.00400246 0.692791
-0.663577 -0.710996 -0.232701
0.0592694 0.000221595 0.998242
0.130214 -0.88109 -0.45467
-0.415358 0.894651 0.164553
-0.383775 -0.849886 -0.361124
0.205225 0.710753 -0.67284
-0.19234 -0.728567 -0.657416
0.454053 0.306696 0.836525
0.0848794 -0.962102 -0.259144
0.184559 0.798571 0.572906
0.85122 0.475378 0.222354
0.425893 -0.132019 -0.89509
-0.683005 0.56609 0.461571
-0.320556 -0.843019 0.43193
0.138302 -0.811514 -0.56773
-0.795369 0.421383 0.435688
0.0729492 0.198573 0.977368
0.0917826 0.23981 -0.966472
0.0287155 0.768294 -0.639452
0.640704 0.74027 0.203713
-0.61453 -0.452469 0.646239
0.344565 -0.642404 0.684538
0.871637 -0.0661917 0.485663
0.0621668 0.601136 0.796725
0.183953 0.945286 -0.269435
-0.268797 -0.761703 -0.58954
-0.28585 -0.813864 -0.505881
-0.466825 -0.843126 -0.26686
0.919506 0.340476 -0.196433
0.134174 0.922297 0.362444
-0.199607 -0.612159 0.765126
0.0787943 -0.995521 -0.0522466
-0.928457 -0.327108 -0.175978
-0.438587 0.801762 -0.405979
0.458412 0.576227 0.676625
-0.69056 0.0638539 -0.720451
0.384615 -0.916051 -0.113672
-0.064234 -0.92761 0.367985
0.658668 0.750264 -0.0570965
-0.366607 0.913531 -0.176238
-0.984004 -0.112289 0.138304
-0.053629 0.96424 0.259547
-0.778029 0.619175 0.106268
-0.963357 0.147025 0.224338
-0.098311 0.528098 0.843474
-0.594874 0.635538 0.492155
-0.441614 -0.825069 -0.352474
-0.885948 -0.0777767 -0.457217
-0.0834527 -0.449239 -0.889506
-0.459978 0.115956 -0.880326
-0.433265 0.897786 0.0791317
-0.941011 -0.101766 -0.322711
-0.797318 0.565372 -0.211279
0.712345 -0.0605565 0.699212
-0.457133 -0.832741 0.312365
-0.96485 -0.258813 -0.0456154
0.115908 -0.213245 0.970099
-0.145201 0.947177 -0.285958
-0.526279 -0.156982 -0.835695
-0.0354989 0.338842 -0.940173
0.014896 0.725605 -0.687951
-0.343152 -0.935102 0.0884968
0.120277 -0.268174 0.955833
0.484153 0.770897 -0.4139
-0.259784 -0.957316 0.126723
-0.750746 -0.427725 -0.50342
0.918936 -0.0489332 -0.391358
-0.158836 0.84675 -0.507725
0.0618615 0.114527 0.991492
-0.54213 0.0146811 0.840166
0.307004 0.505115 -0.806602
0.179022 -0.851204 -0.493358
-0.146265 0.0617449 0.987317
-0.860833 -0.507543 -0.0369568
0.909531 0.406204 -0.0880454
-0.633083 0.525534 0.568348
